1, 1
1, 2
1, 3
1, 4
1, 5
1, 6
1, 7
1, 8
1, 9
1, 10
1, 11
1, 12
1, 13
1, 14
1, 15
1, 16
1, 17
1, 18
1, 19
1, 21
1, 22
1, 23
1, 24
1, 25
1, 26
1, 27
1, 28
1, 29
1, 30
1, 35
1, 36
1, 39
1, 40
1, 43
1, 45
1, 48
1, 49
1, 58
1, 61
1, 62
1, 63
1, 65
1, 68
1, 69
1, 76
1, 77
1, 78
1, 79
1, 80
1, 81
1, 82
1, 83
1, 87
1, 88
1, 90
1, 93
1, 94
1, 95
1, 98
1, 99
1, 101
1, 104
1, 105
1, 106
1, 108
1, 109
1, 110
1, 111
1, 119
1, 120
1, 121
1, 122
1, 123
1, 124
1, 129
1, 134
1, 135
1, 136
1, 138
1, 142
1, 143
1, 145
1, 146
1, 147
1, 149
1, 150
1, 152
1, 154
1, 155
1, 156
1, 157
1, 158
1, 161
1, 162
1, 165
1, 167
1, 168
1, 169
1, 171
1, 172
1, 173
1, 175