 9, 1, 1
 9, 2, 1
 9, 22, 1
 9, 19, 1
 9, 30, 1
 9, 25, 1
 9, 169, 1
 9, 172, 1
 9, 3, 2
 9, 4, 2
 9, 5, 2
 9, 6, 2
 9, 24, 2
 9, 20, 2
 9, 170, 2
 9, 175, 2
 9, 7, 3
 9, 8, 3
 9, 9, 3
 9, 10, 3
 9, 17, 3
 9, 18, 3
 9, 21, 3
 9, 171, 3
 9, 23, 4
 9, 26, 4
 9, 12, 4
 9, 13, 4
 9, 31, 4
 9, 32, 4
 9, 33, 4
 9, 34, 4
 9, 27, 5
 9, 28, 5
 9, 35, 5
 9, 36, 5
 9, 39, 5
 9, 40, 5
 9, 29, 6
 9, 37, 6
 9, 38, 6
 9, 41, 6
 9, 42, 6
 9, 43, 7
 9, 44, 8
 5, 1, 1
 5, 2, 1
 5, 22, 1
 5, 19, 1
 5, 16, 1
 5, 45, 1
 5, 169, 1
 5, 175, 1
 5, 172, 1
 5, 3, 2
 5, 4, 2
 5, 5, 2
 5, 6, 2
 5, 20, 2
 5, 21, 2
 5, 170, 2
 5, 7, 3
 5, 8, 3
 5, 9, 3
 5, 10, 3
 5, 26, 3
 5, 27, 3
 5, 171, 3
 5, 25, 3
 5, 24, 3
 5, 46, 4
 5, 47, 4
 5, 52, 4
 5, 53, 4
 5, 50, 4
 5, 51, 4
 5, 56, 4
 5, 57, 4
 5, 12, 4
 5, 13, 4
 5, 29, 5
 5, 65, 5
 5, 58, 5
 5, 48, 5
 5, 49, 5
 5, 62, 5
 5, 63, 5
 5, 23, 6
 5, 59, 6
 5, 60, 6
 5, 54, 6
 5, 55, 6
 5, 66, 6
 5, 67, 6
 5, 28, 7
 5, 68, 7
 5, 119, 7
 5, 120, 7
 5, 64, 8
 1, 1, 1
 1, 2, 1
 1, 22, 1
 1, 19, 1
 1, 69, 1
 1, 169, 1
 1, 172, 1
 1, 3, 2
 1, 4, 2
 1, 5, 2
 1, 6, 2
 1, 17, 2
 1, 18, 2
 1, 20, 2
 1, 21, 2
 1, 170, 2
 1, 175, 2
 1, 7, 3
 1, 8, 3
 1, 9, 3
 1, 10, 3
 1, 12, 3
 1, 13, 3
 1, 171, 3
 1, 76, 3
 1, 26, 3
 1, 72, 4
 1, 73, 4
 1, 24, 4
 1, 27, 4
 1, 28, 5
 1, 29, 5
 1, 23, 6
 1, 25, 6
 1, 77, 7
 2, 1, 1
 2, 2, 1
 2, 22, 1
 2, 19, 1
 2, 78, 1
 2, 169, 1
 2, 24, 1
 2, 173, 1
 2, 172, 1
 2, 3, 2
 2, 4, 2
 2, 5, 2
 2, 6, 2
 2, 17, 2
 2, 18, 2
 2, 20, 2
 2, 21, 2
 2, 170, 2
 2, 174, 2
 2, 7, 3
 2, 8, 3
 2, 9, 3
 2, 10, 3
 2, 12, 3
 2, 13, 3
 2, 171, 3
 2, 76, 3
 2, 72, 4
 2, 73, 4
 2, 70, 4
 2, 71, 4
 2, 74, 4
 2, 75, 4
 2, 26, 4
 2, 27, 4
 2, 79, 5
 2, 80, 5
 2, 28, 5
 2, 29, 5
 2, 23, 6
 2, 25, 6
 2, 77, 7
 3, 22, 1
 3, 19, 1
 3, 169, 1
 3, 81, 1
 3, 1, 1
 3, 2, 1
 3, 17, 1
 3, 18, 1
 3, 172, 1
 3, 3, 2
 3, 4, 2
 3, 5, 2
 3, 6, 2
 3, 20, 2
 3, 21, 2
 3, 170, 2
 3, 175, 2
 3, 7, 3
 3, 8, 3
 3, 9, 3
 3, 10, 3
 3, 12, 3
 3, 13, 3
 3, 14, 3
 3, 15, 3
 3, 171, 3
 3, 84, 4
 3, 85, 4
 3, 26, 4
 3, 27, 4
 3, 24, 4
 3, 28, 5
 3, 29, 5
 3, 82, 5
 3, 83, 5
 3, 25, 6
 3, 23, 6
 3, 86, 6
 3, 88, 7
 3, 87, 7
 3, 89, 8
 4, 90, 1
 4, 1, 1
 4, 2, 1
 4, 22, 1
 4, 19, 1
 4, 26, 1
 4, 169, 1
 4, 172, 1
 4, 175, 1
 4, 3, 2
 4, 4, 2
 4, 167, 2
 4, 168, 2
 4, 21, 2
 4, 20, 2
 4, 170, 2
 4, 5, 3
 4, 6, 3
 4, 9, 3
 4, 10, 3
 4, 11, 3
 4, 95, 3
 4, 23, 3
 4, 171, 3
 4, 91, 4
 4, 92, 4
 4, 12, 4
 4, 13, 4
 4, 96, 4
 4, 97, 4
 4, 28, 4
 4, 29, 4
 4, 7, 5
 4, 8, 5
 4, 98, 5
 4, 99, 5
 4, 104, 5
 4, 105, 5
 4, 93, 5
 4, 94, 5
 4, 102, 6
 4, 103, 6
 4, 24, 6
 4, 100, 6
 4, 106, 7
 4, 101, 7
 4, 27, 7
 4, 25, 7
 4, 107, 8
 7, 1, 1
 7, 2, 1
 7, 22, 1
 7, 19, 1
 7, 167, 1
 7, 168, 1
 7, 108, 1
 7, 169, 1
 7, 172, 1
 7, 3, 2
 7, 4, 2
 7, 5, 2
 7, 6, 2
 7, 20, 2
 7, 21, 2
 7, 170, 2
 7, 175, 2
 7, 7, 3
 7, 8, 3
 7, 9, 3
 7, 10, 3
 7, 11, 3
 7, 24, 3
 7, 171, 3
 7, 123, 4
 7, 124, 4
 7, 114, 4
 7, 115, 4
 7, 12, 4
 7, 13, 4
 7, 28, 4
 7, 112, 4
 7, 113, 4
 7, 110, 5
 7, 111, 5
 7, 121, 5
 7, 122, 5
 7, 119, 5
 7, 120, 5
 7, 23, 5
 7, 118, 6
 7, 26, 6
 7, 116, 6
 7, 117, 6
 7, 129, 7
 7, 25, 7
 7, 27, 7
 7, 29, 7
 7, 134, 8
 8, 1, 1
 8, 2, 1
 8, 22, 1
 8, 19, 1
 8, 167, 1
 8, 168, 1
 8, 109, 1
 8, 169, 1
 8, 172, 1
 8, 3, 2
 8, 4, 2
 8, 5, 2
 8, 6, 2
 8, 20, 2
 8, 21, 2
 8, 170, 2
 8, 175, 2
 8, 7, 3
 8, 8, 3
 8, 9, 3
 8, 10, 3
 8, 11, 3
 8, 24, 3
 8, 26, 3
 8, 171, 3
 8, 29, 4
 8, 25, 4
 8, 12, 4
 8, 13, 4
 8, 114, 4
 8, 115, 4
 8, 127, 4
 8, 128, 4
 8, 130, 4
 8, 131, 4
 8, 125, 4
 8, 126, 4
 8, 27, 5
 8, 28, 5
 8, 123, 5
 8, 124, 5
 8, 110, 5
 8, 111, 5
 8, 135, 5
 8, 136, 5
 8, 132, 6
 8, 133, 6
 8, 23, 6
 8, 118, 6
 8, 129, 7
 8, 134, 7
 6, 1, 1
 6, 2, 1
 6, 22, 1
 6, 19, 1
 6, 138, 1
 6, 169, 1
 6, 175, 1
 6, 172, 1
 6, 3, 2
 6, 4, 2
 6, 5, 2
 6, 6, 2
 6, 137, 2
 6, 20, 2
 6, 21, 2
 6, 170, 2
 6, 7, 3
 6, 8, 3
 6, 9, 3
 6, 10, 3
 6, 61, 3
 6, 24, 3
 6, 171, 3
 6, 139, 4
 6, 48, 4
 6, 49, 4
 6, 144, 4
 6, 140, 4
 6, 141, 4
 6, 28, 4
 6, 149, 5
 6, 150, 5
 6, 142, 5
 6, 143, 5
 6, 145, 5
 6, 146, 5
 6, 23, 5
 6, 25, 5
 6, 62, 6
 6, 63, 6
 6, 151, 6
 6, 148, 6
 6, 26, 6
 6, 147, 7
 6, 152, 7
 6, 27, 7
 6, 29, 7
 6, 153, 8
 10, 1, 1
 10, 2, 1
 10, 22, 1
 10, 19, 1
 10, 16, 1
 10, 154, 1
 10, 169, 1
 10, 172, 1
 10, 25, 2
 10, 24, 2
 10, 5, 2
 10, 6, 2
 10, 20, 2
 10, 21, 2
 10, 170, 2
 10, 175, 2
 10, 7, 3
 10, 8, 3
 10, 9, 3
 10, 10, 3
 10, 3, 3
 10, 4, 3
 10, 155, 3
 10, 156, 3
 10, 171, 3
 10, 26, 4
 10, 12, 4
 10, 13, 4
 10, 159, 4
 10, 160, 4
 10, 163, 4
 10, 164, 4
 10, 27, 5
 10, 161, 5
 10, 162, 5
 10, 157, 5
 10, 158, 5
 10, 28, 6
 10, 29, 7
 10, 23, 7
 10, 165, 7
 10, 166, 8